Polygon file produced by polymake
  1
osu.mediterranean.2011        
 28
-
   -8.017  36.983
   -8.017  33.483
   18.950  30.283
   19.317  30.283
   29.183  30.816
   32.817  31.050
   33.317  31.083
   33.750  31.116
   33.950  31.183
   34.050  31.216
   34.117  31.250
   34.184  31.283
   34.217  31.316
   34.517  31.616
   34.550  31.650
   41.684  41.650
   41.750  41.750
   41.784  41.817
   41.784  42.017
   41.517  42.650
   41.450  42.750
   37.850  46.984
   37.417  46.984
   13.183  45.784
    3.983  43.584
    3.883  43.550
    3.283  43.283
   -8.017  36.983
